<?xml version="1.0"?>
<opencv_storage>
<image_width>1600</image_width>
<image_height>1200</image_height>
<camera_matrix type_id="opencv-matrix">
  <rows>3</rows>
  <cols>3</cols>
  <dt>d</dt>
  <data>
    1.7444020810622937e+03 0. 7.9950000000000000e+02 0.
    1.7483401073977082e+03 5.9950000000000000e+02 0. 0. 1.</data></camera_matrix>
<distortion_coefficients type_id="opencv-matrix">
  <rows>1</rows>
  <cols>5</cols>
  <dt>d</dt>
  <data>
    9.3386362902178374e-02 -1.1706686724359536e+00 0. 0.
    4.0529356686086002e+00</data></distortion_coefficients>
</opencv_storage>
